\e[49m                    \e[m
\e[49m                    \e[m
\e[49m                    \e[m
\e[49m    \e[38;5;238;48;5;237m▄\e[38;5;239;48;5;237m▄\e[49m              \e[m
\e[49m    \e[38;5;238;48;5;238m▄\e[38;5;238;48;5;239m▄\e[49m              \e[m
\e[49m    \e[38;5;238;48;5;238m▄\e[38;5;238;48;5;239m▄\e[49m              \e[m
\e[49m    \e[38;5;238;48;5;238m▄\e[38;5;238;48;5;239m▄\e[49m              \e[m
\e[49m    \e[38;5;235;48;5;238m▄\e[38;5;236;48;5;238m▄\e[38;5;0;49m▄\e[38;5;233;48;5;240m▄\e[38;5;235;48;5;238m▄\e[38;5;235;48;5;240m▄\e[38;5;233;48;5;240m▄\e[38;5;240;49m▄\e[49m        \e[m
\e[49m    \e[48;5;233m \e[38;5;236;48;5;235m▄\e[48;5;0m \e[38;5;234;48;5;240m▄\e[38;5;240;48;5;235m▄\e[38;5;239;48;5;240m▄\e[38;5;237;48;5;235m▄\e[38;5;233;48;5;235m▄\e[38;5;236;49m▄\e[49m       \e[m
\e[38;5;240;49m▄\e[38;5;240;48;5;0m▄\e[38;5;239;48;5;0m▄\e[38;5;240;48;5;95m▄\e[38;5;238;48;5;95m▄\e[38;5;95;48;5;94m▄\e[38;5;236;48;5;94m▄\e[38;5;234;48;5;238m▄\e[38;5;242;48;5;236m▄\e[38;5;239;48;5;236m▄\e[38;5;239;48;5;235m▄\e[38;5;237;48;5;236m▄\e[38;5;237;48;5;235m▄\e[49m       \e[m
\e[38;5;237;48;5;239m▄\e[38;5;0;48;5;238m▄▄\e[38;5;232;48;5;240m▄\e[38;5;236;48;5;238m▄\e[38;5;235;48;5;238m▄\e[38;5;0;48;5;235m▄\e[48;5;236m \e[38;5;233;48;5;236m▄\e[38;5;240;48;5;242m▄\e[38;5;240;48;5;239m▄\e[38;5;239;48;5;238m▄\e[38;5;238;48;5;237m▄\e[38;5;237;48;5;242m▄\e[38;5;238;48;5;234m▄\e[38;5;233;48;5;0m▄\e[49m    \e[m
\e[49m   \e[38;5;237;48;5;95m▄▄\e[38;5;238;48;5;95m▄\e[38;5;237;48;5;238m▄\e[38;5;239;48;5;235m▄\e[38;5;238;48;5;0m▄\e[38;5;236;48;5;0m▄▄\e[38;5;234;48;5;0m▄\e[38;5;235;48;5;237m▄\e[48;5;239m \e[38;5;234;48;5;236m▄\e[48;5;0m \e[49m    \e[m
\e[49m   \e[38;5;94;48;5;236m▄▄\e[38;5;94;48;5;237m▄\e[38;5;235;48;5;237m▄\e[38;5;235;48;5;241m▄\e[38;5;236;48;5;238m▄\e[38;5;234;48;5;239m▄\e[38;5;239;48;5;242m▄\e[38;5;0;48;5;242m▄\e[38;5;234;48;5;235m▄\e[48;5;233m \e[38;5;0;48;5;234m▄\e[49;38;5;0m▀\e[49m    \e[m
\e[49m   \e[49;38;5;136m▀\e[38;5;136;48;5;58m▄\e[49;38;5;130m▀\e[48;5;0m   \e[38;5;237;48;5;233m▄\e[38;5;0;48;5;236m▄\e[38;5;233;48;5;234m▄\e[48;5;0m \e[49;38;5;0m▀\e[49m      \e[m
\e[49m      \e[38;5;233;48;5;233m▄\e[38;5;234;48;5;233m▄\e[38;5;238;48;5;238m▄\e[38;5;236;48;5;239m▄\e[38;5;240;48;5;239m▄\e[38;5;234;48;5;235m▄\e[38;5;236;48;5;233m▄\e[38;5;95;48;5;237m▄\e[38;5;235;49m▄\e[49m     \e[m
\e[49m     \e[48;5;0m  \e[38;5;0;48;5;233m▄▄\e[38;5;0;48;5;234m▄\e[38;5;0;48;5;237m▄\e[38;5;0;48;5;233m▄▄\e[38;5;233;48;5;236m▄\e[38;5;235;48;5;237m▄\e[49;38;5;237m▀\e[49m    \e[m
\e[49m    \e[38;5;238;49m▄\e[38;5;240;48;5;235m▄\e[38;5;239;48;5;238m▄\e[38;5;236;48;5;233m▄\e[38;5;101;48;5;0m▄\e[38;5;234;48;5;0m▄\e[38;5;235;48;5;0m▄\e[38;5;95;48;5;236m▄\e[38;5;238;48;5;234m▄\e[38;5;59;48;5;236m▄\e[38;5;239;48;5;0m▄\e[48;5;0m \e[49m    \e[m
\e[49m    \e[38;5;237;48;5;240m▄\e[38;5;59;48;5;239m▄\e[38;5;235;48;5;239m▄\e[38;5;233;48;5;234m▄\e[48;5;138m \e[38;5;239;48;5;237m▄\e[38;5;239;48;5;238m▄\e[38;5;101;48;5;239m▄\e[38;5;0;48;5;234m▄\e[38;5;234;48;5;239m▄\e[38;5;236;48;5;241m▄\e[38;5;242;48;5;240m▄\e[38;5;59;48;5;240m▄\e[49m   \e[m
\e[49m    \e[38;5;0;49m▄\e[38;5;233;48;5;237m▄\e[38;5;235;48;5;237m▄\e[38;5;0;48;5;233m▄\e[48;5;138m \e[38;5;239;48;5;239m▄\e[38;5;238;48;5;238m▄\e[48;5;138m \e[49m \e[49;38;5;236m▀\e[38;5;237;48;5;239m▄\e[38;5;235;48;5;238m▄\e[38;5;0;48;5;236m▄\e[38;5;237;49m▄\e[49m  \e[m
\e[49m   \e[49;38;5;0m▀\e[49;38;5;233m▀▀\e[49;38;5;0m▀▀\e[49m  \e[49;38;5;240m▀\e[49;38;5;138m▀\e[49m  \e[49;38;5;237m▀\e[49;38;5;233m▀▀\e[49;38;5;0m▀▀\e[49m \e[m
